
#   digitized from Figure 3(a) in:
#
#   West, G. and M. H. Brill.
#   Conditions under which Schrödinger object colors are optimal.
#   Journal of the Optical Society of America.
#   73. pp. 1223-1225. 1983.

#   R. Menzel,
#   "Spectral sensitivity and color vision in invertebrates,"
#   in Handbook of Sensory Physiology Vol. VII/6A, Comparative
#   Physiology and Evolution of Vision in Invertebrates A: 
#   Invertebrate Photoreceptors, H. Autrum, ed. 
#   (Springer-Verlag, New York, 1979), pp. 564-565.

#   quantity    energy->neural

[Control]
Xpx Ypx X Y
41 358 300 0
396 358 600 0
41 55 300 1


[green]
42 333
53 327
65 322
75 319
91 317
106 317
124 318
139 320
155 322
175 324
188 324
207 319
220 312
228 303
233 291
238 277
244 256
249 240
255 221
260 205
266 187
273 166
278 152
281 144
289 133
295 127
306 120
310 117
316 116
327 119
335 122
343 130
347 139
351 150
355 164
359 181
363 195
368 216
374 238
377 250
382 271
387 287
392 304
397 314
404 327
410 336
419 346
430 352
435 355
441 355



[blue]
42 333
54 326
62 323
72 319
83 312
91 307
99 301
107 293
114 284
119 277
124 269
128 261
133 251
138 240
141 231
144 223
149 211
154 196
161 174
167 155
171 140
175 125
180 109
186 92
190 82
196 69
202 59
206 56
210 55
216 57
222 65
225 74
229 83
233 99
237 114
241 129
244 145
250 172
254 195
257 211
259 224
261 239
265 259
272 285
279 302
287 317
296 329
306 337
318 344
327 349
341 351
353 354
368 355
381 356
393 357
412 357
441 358


[UV]
39 231
49 216
54 202
63 171
69 152
74 131
79 111
83 95
87 83
91 75
94 70
99 67
103 66
110 69
114 76
118 86
121 96
124 109
126 118
127 126
130 137
132 147
134 157
136 166
137 174
140 187
144 203
145 209
148 222
151 231
154 243
157 253
160 264
165 277
168 283
173 290
179 295
186 299
190 301
195 301
207 299
216 296
222 295
229 295
237 298
244 301
251 306
256 309
264 313
274 318
281 320
286 321
295 321
311 320
323 318
330 318
339 319
347 321
356 323
367 329
372 332
382 337
393 343
403 347
414 351
423 353
433 355
441 356
